NAME : city031
COMMENT : a comment by the user
TYPE : TSP
DIMENSION : 50
EDGE_WEIGHT_TYPE : EXPLICIT
EDGE_WEIGHT_FORMAT: FULL_MATRIX
EDGE_WEIGHT_SECTION
0 9622 101217 86911 103021 85463 112561 56552 75588 89131 109234 127800 87599 102680 39341 30651 65347 60565 80671 103149 104583 93296 96398 71281 37578 9110 107295 99029 60584 121610 81477 46549 105549 57600 76724 104374 50686 95951 92136 84272 99314 54365 92411 91064 58630 103510 71722 63179 88101 111503
9622 0 98081 77833 100806 80529 104623 47539 66407 84528 100647 121511 83258 95131 33615 21954 60033 51884 71196 97637 97580 86267 87315 64381 28635 12041 99904 89453 58549 114560 80224 39698 100169 48383 73054 101242 44045 92114 92086 75000 89988 50960 87321 81498 49010 94810 63513 55443 83671 104690
101217 98081 0 80709 10295 25079 65863 77665 80956 20124 77006 49000 18973 55803 65924 83486 42047 72277 91241 27730 48020 46669 83737 49648 82024 92309 54708 104623 41182 55785 26076 64031 26570 81024 25317 3162 60000 9433 32062 85234 92314 47127 23430 100169 95341 77155 64078 60876 19313 47539
86911 77833 80709 0 90000 56222 36055 30364 11661 60802 25612 67119 62625 34000 56035 56320 49739 27166 14317 58523 42190 36055 9486 35227 49335 82975 39051 24083 72013 53758 85428 47095 61351 29546 64536 82680 45541 71281 100767 6082 14560 62968 57454 19697 35383 19209 21540 31048 62008 49010
103021 100806 10295 90000 0 33837 76157 84770 89554 29206 87200 58215 27459 66030 70028 88000 48270 79711 99984 38013 58309 56639 93434 57697 87281 93962 65000 114017 42449 65802 23021 69354 36769 88232 30413 10198 65620 19104 24041 94302 101980 50249 33241 109288 102489 87206 72470 68352 28017 57775
85463 80529 25079 56222 33837 0 48052 53338 55901 5099 56364 45276 6403 36400 46957 62936 20615 47675 66241 18601 31064 25079 60141 24738 60207 77201 37336 80280 32695 44911 33241 42720 20518 56568 14142 27513 38327 15811 46957 60464 68593 32557 7071 75451 70859 55226 39000 36345 5830 34365
112561 104623 65863 36055 76157 48052 0 59413 45650 50289 14560 33955 53160 12000 75153 82800 55731 53758 50289 38275 17888 24000 31144 43324 76694 106550 11180 52153 77058 19235 81252 66648 40000 60307 61522 66573 63071 57697 94244 42059 38052 72006 44598 52153 69971 19000 41231 49396 52201 19849
56552 47539 77665 30364 84770 53338 59413 0 19235 58420 53535 82855 58855 51865 29154 25961 36769 6324 26476 64629 56797 46238 39849 29000 18973 52773 57140 45891 53814 72718 72718 21633 67601 3605 54781 80411 22627 68883 88204 28160 43289 43139 58008 38078 17720 47507 19235 17029 58694 64404
75588 66407 80956 11661 89554 55901 45650 19235 0 60835 36769 74330 62177 41231 46690 45122 45276 17262 10630 61814 48373 40049 21023 32202 38078 72006 46572 28635 66287 61983 82036 38078 64776 18027 61846 83258 37336 71589 97621 9000 24083 56435 58523 21633 24413 30413 17204 24413 61717 55731
89131 84528 20124 60802 29206 5099 50289 58420 60835 0 59539 43863 3000 39000 51078 67446 25000 52773 71119 17088 32756 28301 64350 29832 64938 80709 39293 84811 34132 45177 31256 47296 18357 61660 14764 22472 42953 10770 44011 65192 72862 35468 6000 80156 75953 58821 44011 41436 2000 35000
109234 100647 77006 25612 87200 56364 14560 53535 36769 59539 0 48507 62177 21260 74215 78714 59211 48764 38948 50209 29732 31304 18384 45000 72069 104177 23600 38000 81743 33734 89319 65253 52345 53600 68622 78102 62369 68242 103315 31064 24083 75026 54378 38832 60959 6403 37947 47539 61294 33615
127800 121511 49000 67119 58215 45276 33955 82855 74330 43863 48507 0 46615 33241 88459 101257 63031 76557 81301 26832 26248 36674 64195 57428 96566 120208 28071 85842 77826 14866 72367 81835 25632 84864 58600 48093 77466 44721 81024 73171 71700 77420 38470 85094 97123 52611 63694 68095 45694 18681
87599 83258 18973 62625 27459 6403 53160 58855 62177 3000 62177 46615 0 41785 49979 66708 24331 53366 72560 19924 35693 30886 66483 30675 64498 79075 42201 86683 31622 48166 28284 46690 21023 62169 12206 21587 42426 10049 41231 66850 74953 33600 9000 81841 76485 61294 45188 41976 1000 38000
102680 95131 55803 34000 66030 36400 12000 51865 41231 39000 21260 33241 41785 0 64498 73593 43931 45803 48093 29000 8944 12000 32280 32202 67896 96254 5385 54405 65069 21023 69641 56302 31240 53338 49648 56850 52478 47169 83006 40012 40496 60207 33541 52611 64621 22472 32802 39698 40853 15033
39341 33615 65924 56035 70028 46957 75153 29154 46690 51078 74215 88459 49979 64498 0 18110 26419 29427 55362 64070 65604 54405 65007 32449 19235 32015 68796 74726 30364 82619 52172 9055 66573 32202 40607 69050 12083 59203 66407 55578 70256 20223 53712 67052 42520 69231 36496 26683 50328 72346
30651 21954 83486 56320 88000 62936 82800 25961 45122 67446 78714 101257 66708 73593 18110 0 42449 29966 51039 78721 76576 65299 65802 43829 7071 27073 78492 70028 48270 93434 70213 20248 81437 27294 58215 86579 24698 76295 84202 53935 69050 38327 69289 62032 31622 72917 41617 33941 66940 83868
65347 60033 42047 49739 48270 20615 55731 36769 45276 25000 59211 63031 24331 43931 26419 42449 0 32249 55865 37802 42544 32280 56462 14866 40199 57384 47127 73006 22803 59059 36878 22360 40224 40311 18027 45011 18110 34132 52497 52201 63953 16278 27294 66708 54424 55901 28600 21400 24515 48373
60565 51884 72277 27166 79711 47675 53758 6324 17262 52773 48764 76557 53366 45803 29427 29966 32249 0 26400 58420 50537 39924 36496 23086 23323 56044 51039 45541 50990 66573 68818 20880 61400 9000 50089 74953 20591 63348 84403 26172 41012 40607 52086 38078 23194 42953 13038 11401 53150 58137
80671 71196 91241 14317 99984 66241 50289 26476 10630 71119 38948 81301 72560 48093 55362 51039 55865 26400 0 71063 56008 48836 20808 42801 44011 78102 53235 19416 76609 68066 92655 47169 73979 24083 72470 93471 46957 81841 108245 8246 19723 66573 68541 11704 24186 32649 27802 34828 72069 63031
103149 97637 27730 58523 38013 18601 38275 64629 61814 17088 50209 26832 19924 29000 64070 78721 37802 58420 71063 0 20615 22472 59539 36138 75026 95131 27202 81394 51000 29068 47042 58591 3000 67364 31780 28301 54120 20396 57870 63890 68095 51088 11661 78185 81098 51224 47000 48052 18973 19924
104583 97580 48020 42190 58309 31064 17888 56797 48373 32756 29732 26248 35693 8944 65604 76576 42544 50537 56008 20615 0 11313 41109 33301 71400 97616 6708 63245 61983 17029 63953 58051 22627 58694 45000 48826 53907 39812 76537 48093 49396 58523 26925 61188 70880 31384 37576 42801 34713 7615
93296 86267 46669 36055 56639 25079 24000 46238 40049 28301 31304 36674 30886 12000 54405 65299 32280 39924 48836 22472 11313 0 37443 22022 60216 86400 14866 59059 53084 28319 58189 46754 25298 48383 37854 48166 42638 37536 72013 41484 46043 48507 23430 55713 61188 30610 27202 31622 30016 18601
96398 87315 83737 9486 93434 60141 31144 39849 21023 64350 18384 64195 66483 32280 65007 65802 56462 36496 20808 59539 41109 37443 0 41629 58821 92417 36674 22135 79120 50000 90972 56000 62177 39000 69892 85428 54147 74411 106018 13453 8602 70604 60307 21023 43931 12369 29427 39319 65764 47074
71281 64381 49648 35227 57697 24738 43324 29000 32202 29832 45000 57428 30675 32202 32449 43829 14866 23086 42801 36138 33301 22022 41629 0 39357 64404 36359 58898 37643 50328 50328 24758 39051 32062 29732 52201 20615 40521 65795 38209 49244 30066 29017 53037 46270 41303 15000 12041 30364 40311
37578 28635 82024 49335 87281 60207 76694 18973 38078 64938 72069 96566 64498 67896 19235 7071 40199 23323 44011 75026 71400 60216 58821 39357 0 34132 72917 63071 49396 88090 70880 18000 77833 20223 57035 85052 22090 74330 85440 46872 61983 38897 66219 55081 25495 66189 35468 28600 64629 78816
9110 12041 92309 82975 93962 77201 106550 52773 72006 80709 104177 120208 79075 96254 32015 27073 57384 56044 78102 95131 97616 86400 92417 64404 34132 0 100687 97000 51546 114634 72367 39962 97452 54332 68000 95462 43829 87235 83096 80894 96026 45650 84202 89000 57558 98681 66309 57245 79611 104350
107295 99904 54708 39051 65000 37336 11180 57140 46572 39293 23600 28071 42201 5385 68796 78492 47127 51039 53235 27202 6708 14866 36674 36359 72917 100687 0 58694 67475 15652 70405 60802 29068 58668 51088 55470 56859 46518 83168 45099 44643 63324 33526 57314 70007 26000 38013 44553 41231 10440
99029 89453 104623 24083 114017 80280 52153 45891 28635 84811 38000 85842 86683 54405 74726 70028 73006 45541 19416 81394 63245 59059 22135 58898 63071 97000 58694 0 94667 71344 109224 66407 84095 43416 88459 106508 65924 95210 124651 20808 14142 85000 81271 8000 40792 33241 44407 52839 86052 69123
60584 58549 41182 72013 42449 32695 77058 53814 66287 34132 81743 77826 31622 65069 30364 48270 22803 50990 76609 51000 61983 53084 79120 37643 49396 51546 67475 94667 0 77201 22090 33286 52478 57384 19416 44294 31240 37536 36055 73925 86406 10816 39357 87920 70213 78644 50537 41880 32449 66483
121610 114560 55785 53758 65802 44911 19235 72718 61983 45177 33734 14866 48166 21023 82619 93434 59059 66573 68066 29068 17029 28319 50000 50328 88090 114634 15652 71344 77201 0 76000 75073 29427 74303 59033 55659 70936 49365 86833 59841 57218 74732 39204 71007 85615 38118 53535 59548 47169 10770
81477 80224 26076 85428 23021 33241 81252 72718 82036 31256 89319 72367 28284 69641 52172 70213 36878 68818 92655 47042 63953 58189 90972 50328 70880 72367 70405 109224 22090 76000 0 53851 47265 76321 21095 28600 50990 27658 15620 88526 99045 32015 37215 103276 89944 87664 65069 58258 29274 66121
46549 39698 64031 47095 69354 42720 66648 21633 38078 47296 65253 81835 46690 56302 9055 20248 22360 20880 47169 58591 58051 46754 56000 24758 18000 39962 60802 66407 33286 75073 53851 0 61269 25000 39051 67067 4472 56435 68876 46872 61400 22472 49040 58872 37013 60207 27459 17720 46872 65053
105549 100169 26570 61351 36769 20518 40000 67601 64776 18357 52345 25632 21023 31240 66573 81437 40224 61400 73979 3000 22627 25298 62177 39051 77833 97452 29068 84095 52478 29427 47265 61269 0 70349 33120 26832 56797 20024 57428 66760 70710 53075 13453 80993 84095 53600 50000 50990 20124 21023
57600 48383 81024 29546 88232 56568 60307 3605 18027 61660 53600 84864 62169 53338 32202 27294 40311 9000 24083 67364 58694 48383 39000 32062 20223 54332 58668 43416 57384 74303 76321 25000 70349 0 58309 83743 26172 72180 91809 26683 41773 46690 61073 35510 14317 47434 21189 20223 61983 66309
76724 73054 25317 64536 30413 14142 61522 54781 61846 14764 68622 58600 12206 49648 40607 58215 18027 50089 72470 31780 45000 37854 69892 29732 57035 68000 51088 88459 19416 59033 21095 39051 33120 58309 0 28442 35227 19235 36235 67882 78006 22360 20248 82758 72449 66708 44687 38948 13038 48507
104374 101242 3162 82680 10198 27513 66573 80411 83258 22472 78102 48093 21587 56850 69050 86579 45011 74953 93471 28301 48826 48166 85428 52201 85052 95462 55470 106508 44294 55659 28600 67067 26832 83743 28442 0 63007 11704 33376 87321 94021 50289 25238 102215 98061 78492 66483 63560 21840 47853
50686 44045 60000 45541 65620 38327 63071 22627 37336 42953 62369 77466 42426 52478 12083 24698 18110 20591 46957 54120 53907 42638 54147 20615 22090 43829 56859 65924 31240 70936 50990 4472 56797 26172 35227 63007 0 52239 66241 45880 60016 20518 44598 58600 39115 57558 25019 15033 42579 60827
95951 92114 9433 71281 19104 15811 57697 68883 71589 10770 68242 44721 10049 47169 59203 76295 34132 63348 81841 20396 39812 37536 74411 40521 74330 87235 46518 95210 37536 49365 27658 56435 20024 72180 19235 11704 52239 0 37483 75802 82975 41593 14142 90735 86492 68117 54781 51971 10198 40261
92136 92086 32062 100767 24041 46957 94244 88204 97621 44011 103315 81024 41231 83006 66407 84202 52497 84403 108245 57870 76537 72013 106018 65795 85440 83096 83168 124651 36055 86833 15620 68876 57428 91809 36235 33376 66241 37483 0 104004 114201 46615 49648 118802 105309 102083 80610 73878 42154 77665
84272 75000 85234 6082 94302 60464 42059 28160 9000 65192 31064 73171 66850 40012 55578 53935 52201 26172 8246 63890 48093 41484 13453 38209 46872 80894 45099 20808 73925 59841 88526 46872 66760 26683 67882 87321 45880 75802 104004 0 15132 64404 62177 15000 30479 24698 23600 32202 66287 55000
99314 89988 92314 14560 101980 68593 38052 43289 24083 72862 24083 71700 74953 40496 70256 69050 63953 41012 19723 68095 49396 46043 8602 49244 61983 96026 44643 14142 86406 57218 99045 61400 70710 41773 78006 94021 60016 82975 114201 15132 0 77491 68883 15231 43908 19104 36055 45607 74249 55081
54365 50960 47127 62968 50249 32557 72006 43139 56435 35468 75026 77420 33600 60207 20223 38327 16278 40607 66573 51088 58523 48507 70604 30066 38897 45650 63324 85000 10816 74732 32015 22472 53075 46690 22360 50289 20518 41593 46615 64404 77491 0 39623 78032 59405 71344 41436 32202 34205 63976
92411 87321 23430 57454 33241 7071 44598 58008 58523 6000 54378 38470 9000 33541 53712 69289 27294 52086 68541 11661 26925 23430 60307 29017 66219 84202 33526 81271 39357 39204 37215 49040 13453 61073 20248 25238 44598 14142 49648 62177 68883 39623 0 77025 75239 54037 42201 41000 8000 29000
91064 81498 100169 19697 109288 75451 52153 38078 21633 80156 38832 85094 81841 52611 67052 62032 66708 38078 11704 78185 61188 55713 21023 53037 55081 89000 57314 8000 87920 71007 103276 58872 80993 35510 82758 102215 58600 90735 118802 15000 15231 78032 77025 0 32984 33241 38209 46043 81271 67601
58630 49010 95341 35383 102489 70859 69971 17720 24413 75953 60959 97123 76485 64621 42520 31622 54424 23194 24186 81098 70880 61188 43931 46270 25495 57558 70007 40792 70213 85615 89944 37013 84095 14317 72449 98061 39115 86492 105309 30479 43908 59405 75239 32984 0 54561 34234 34525 76295 78447
103510 94810 77155 19209 87206 55226 19000 47507 30413 58821 6403 52611 61294 22472 69231 72917 55901 42953 32649 51224 31384 30610 12369 41303 66189 98681 26000 33241 78644 38118 87664 60207 53600 47434 66708 78492 57558 68117 102083 24698 19104 71344 54037 33241 54561 0 32756 42579 60464 36400
71722 63513 64078 21540 72470 39000 41231 19235 17204 44011 37947 63694 45188 32802 36496 41617 28600 13038 27802 47000 37576 27202 29427 15000 35468 66309 38013 44407 50537 53535 65069 27459 50000 21189 44687 66483 25019 54781 80610 23600 36055 41436 42201 38209 34234 32756 0 10000 44777 45188
63179 55443 60876 31048 68352 36345 49396 17029 24413 41436 47539 68095 41976 39698 26683 33941 21400 11401 34828 48052 42801 31622 39319 12041 28600 57245 44553 52839 41880 59548 58258 17720 50990 20223 38948 63560 15033 51971 73878 32202 45607 32202 41000 46043 34525 42579 10000 0 41773 50219
88101 83671 19313 62008 28017 5830 52201 58694 61717 2000 61294 45694 1000 40853 50328 66940 24515 53150 72069 18973 34713 30016 65764 30364 64629 79611 41231 86052 32449 47169 29274 46872 20124 61983 13038 21840 42579 10198 42154 66287 74249 34205 8000 81271 76295 60464 44777 41773 0 37000
111503 104690 47539 49010 57775 34365 19849 64404 55731 35000 33615 18681 38000 15033 72346 83868 48373 58137 63031 19924 7615 18601 47074 40311 78816 104350 10440 69123 66483 10770 66121 65053 21023 66309 48507 47853 60827 40261 77665 55000 55081 63976 29000 67601 78447 36400 45188 50219 37000 0
EOF
